place(12.572, 0.974, 24.156, "Crook Boss", 600)
upgrade(12.572, 2.324, 24.156, 460)
upgrade(12.572, 2.324, 24.156, 1422)
place(12.494, 0.976, 27.167, "Crook Boss", 604)
upgrade(12.494, 2.326, 27.167, 750)
upgrade(12.494, 2.326, 27.167, 1568)
place(9.872, 0.971, 25.511, "Crook Boss", 748)
upgrade(9.872, 2.321, 25.511, 308)
upgrade(9.872, 2.321, 25.511, 903)
place(9.769, 0.973, 28.575, "Crook Boss", 861)
upgrade(9.769, 2.323, 28.575, 1272)
upgrade(9.769, 2.323, 28.575, 981)
place(7.175, 0.969, 27.049, "Crook Boss", 641)
upgrade(7.175, 2.319, 27.049, 1244)
upgrade(7.175, 2.319, 27.049, 944)
upgrade(7.175, 2.319, 27.049, 4542)
upgrade(9.769, 2.323, 28.575, 4288)
upgrade(9.872, 2.321, 25.511, 5292)
upgrade(12.494, 2.326, 27.167, 4894)
upgrade(12.572, 2.324, 24.156, 5178)
place(-3.361, 0.949, 20.729, "Military Base", 1459)
upgrade(-3.361, 1.812, 20.729, 1059)
upgrade(-3.361, 1.812, 20.729, 939)
upgrade(-3.361, 1.812, 20.729, 2725)
upgrade(-3.361, 1.812, 20.729, 7889)
place(-3.986, 0.952, 25.528, "Military Base", 739)
upgrade(-3.986, 1.815, 25.528, 689)
upgrade(-3.986, 1.815, 25.528, 489)
upgrade(-3.986, 1.815, 25.528, 3209)
upgrade(-3.986, 1.815, 25.528, 7686)
place(-4.056, 0.956, 30.558, "Military Base", 5893)
upgrade(-4.056, 1.819, 30.558, 8945)
upgrade(-4.056, 1.819, 30.558, 8745)
upgrade(-4.056, 1.819, 30.558, 8685)
upgrade(-4.056, 1.819, 30.558, 9060)
place(-4.087, 0.960, 35.296, "Military Base", 1560)
upgrade(-4.087, 1.823, 35.296, 1160)
upgrade(-4.087, 1.823, 35.296, 2668)
upgrade(-4.087, 1.823, 35.296, 2268)
upgrade(-4.087, 1.823, 35.296, 8021)
place(-4.363, 0.964, 40.525, "Military Base", 3018)
upgrade(-4.363, 1.826, 40.525, 2618)
upgrade(-4.363, 1.826, 40.525, 2418)
upgrade(-4.363, 1.826, 40.525, 2018)
upgrade(-4.363, 1.826, 40.525, 7954)
place(16.981, 0.974, 7.456, "Freezer", 3354)
upgrade(16.981, 2.324, 7.456, 3579)
upgrade(16.981, 2.324, 7.456, 3604)
upgrade(16.981, 2.324, 7.456, 2954)
upgrade(16.981, 2.324, 7.456, 5053)
place(-1.171, 0.928, 5.440, "Freezer", 4215)
upgrade(-1.171, 2.278, 5.440, 4540)
upgrade(-1.171, 2.278, 5.440, 4315)
upgrade(-1.171, 2.278, 5.440, 4130)
upgrade(-1.171, 2.278, 5.440, 6480)
place(-11.893, 0.968, -0.908, "Freezer", 5947)
upgrade(-11.893, 2.318, -0.908, 6555)
upgrade(-11.893, 2.318, -0.908, 8830)
upgrade(-11.893, 2.318, -0.908, 8180)
upgrade(-11.893, 2.318, -0.908, 6180)
upgrade(7.175, 2.319, 27.049, 20051)
upgrade(9.872, 2.321, 25.511, 20431)
upgrade(9.769, 2.323, 28.575, 20822)
Airstrike(-3.361, 1.812, 20.729, 0.265, 1.125, 21.726, 1, 233.913, 5622)
upgrade(12.494, 2.326, 27.167, 20495)
upgrade(12.572, 2.324, 24.156, 26495)
place(11.232, 4.002, 8.975, "Ranger", 12961)
upgrade(11.232, 5.352, 8.975, 8461)
upgrade(11.232, 5.352, 8.975, 6961)
upgrade(-3.361, 1.812, 20.729, 32458)
upgrade(-3.986, 1.815, 25.528, 25385)
upgrade(-4.056, 1.819, 30.558, 27260)
upgrade(-4.087, 1.823, 35.296, 25260)
upgrade(-4.363, 1.826, 40.525, 30389)
place(8.248, 4.193, 7.887, "Ranger", 18442)
upgrade(8.248, 5.543, 7.887, 15192)
upgrade(8.248, 5.543, 7.887, 14942)
place(5.327, 4.601, 6.529, "Ranger", 11934)
upgrade(5.327, 5.951, 6.529, 7442)
upgrade(5.327, 5.951, 6.529, 7535)
place(13.884, 4.366, 7.217, "Ranger", 11077)
upgrade(13.884, 5.716, 7.217, 8077)
upgrade(13.884, 5.716, 7.217, 6577)
place(2.552, 4.971, 5.276, "Ranger", 5572)
upgrade(2.552, 6.321, 5.276, 4072)
upgrade(2.552, 6.321, 5.276, 6883)
place(11.008, 4.492, 5.943, "Ranger", 11072)
upgrade(11.008, 5.842, 5.943, 6572)
upgrade(11.008, 5.842, 5.943, 5072)
place(8.014, 4.534, 4.378, "Ranger", 17572)
upgrade(8.014, 5.884, 4.378, 18072)
upgrade(8.014, 5.884, 4.378, 16572)
upgrade(8.014, 5.884, 4.378, 52072)
upgrade(8.014, 5.884, 4.378, 38572)
upgrade(11.008, 5.842, 5.943, 18572)
upgrade(11.008, 5.842, 5.943, 30072)
upgrade(13.884, 5.716, 7.217, 29859)
upgrade(13.884, 5.716, 7.217, 42856)
upgrade(11.232, 5.352, 8.975, 15859)
upgrade(11.232, 5.352, 8.975, 39130)
upgrade(8.248, 5.543, 7.887, 19130)
upgrade(8.248, 5.543, 7.887, 35630)
upgrade(5.327, 5.951, 6.529, 14975)
upgrade(5.327, 5.951, 6.529, 35424)
upgrade(2.552, 6.321, 5.276, 15475)
upgrade(2.552, 6.321, 5.276, 31724)
place(9.912, 0.930, 10.834, "Turret", 13724)
upgrade(9.912, 1.880, 10.834, 10224)
upgrade(9.912, 1.880, 10.834, 9431)
upgrade(9.912, 1.880, 10.834, 3538)
upgrade(9.912, 1.880, 10.834, 33719)
upgrade(9.912, 1.880, 10.834, 43664)
upgrade(9.912, 1.880, 10.834, 85201)
place(6.211, 0.918, 9.075, "Turret", 32719)
upgrade(6.211, 1.868, 9.075, 27719)
upgrade(6.211, 1.868, 9.075, 26469)
upgrade(6.211, 1.868, 9.075, 19219)
upgrade(6.211, 1.868, 9.075, 34219)
upgrade(6.211, 1.868, 9.075, 55122)
place(6.655, 0.906, 13.207, "Turret", 20622)
upgrade(6.655, 1.856, 13.207, 18622)
upgrade(6.655, 1.856, 13.207, 17378)
upgrade(6.655, 1.856, 13.207, 16284)
Airstrike(-3.361, 1.812, 20.729, 0.177, 1.125, 23.892, 1, 236.198, 22772)
Airstrike(-3.986, 1.815, 25.528, 0.161, 1.125, 24.298, 1, 236.198, 22534)
Airstrike(-4.056, 1.819, 30.558, 0.140, 1.125, 25.162, 1, 239.264, 23599)
Airstrike(-4.087, 1.823, 35.296, 0.140, 1.125, 25.148, 1, 239.264, 23534)
Airstrike(-4.363, 1.826, 40.525, 0.141, 1.125, 24.803, 1, 236.198, 23284)
upgrade(6.655, 1.856, 13.207, 68034)
upgrade(6.655, 1.856, 13.207, 58034)
Airstrike(-3.361, 1.812, 20.729, 0.000, 0.000, 0.000, 1, 0.000, 288534)
Airstrike(-3.986, 1.815, 25.528, 18.383, 1.125, 21.610, 1, 208.503, 290274)
Airstrike(-3.986, 1.815, 25.528, 18.772, 1.125, 21.640, 1, 208.503, 290035)
Airstrike(-4.056, 1.819, 30.558, 18.867, 1.125, 21.646, 1, 207.157, 290034)
Airstrike(-4.056, 1.819, 30.558, 18.846, 1.125, 21.645, 1, 207.157, 289785)
Airstrike(-4.087, 1.823, 35.296, 0.000, 0.000, 0.000, 1, 207.157, 289784)
Airstrike(-4.363, 1.826, 40.525, 18.638, 1.125, 21.630, 1, 208.503, 289534)
Airstrike(-4.363, 1.826, 40.525, 18.491, 1.125, 21.619, 1, 208.503, 289284)
Airstrike(-3.361, 1.812, 20.729, 0.515, 1.125, -7.584, 1, 149.773, 441284)
Airstrike(-3.986, 1.815, 25.528, 0.000, 0.000, 0.000, 1, 151.456, 441034)
Airstrike(-4.056, 1.819, 30.558, 1.293, 1.125, -7.544, 1, 151.456, 440784)
Airstrike(-4.087, 1.823, 35.296, 3.027, 1.125, -7.500, 1, 153.317, 440534)
Airstrike(-4.363, 1.826, 40.525, 3.459, 1.125, -7.500, 1, 153.317, 442283)
Airstrike(-3.361, 1.812, 20.729, 5.188, 1.125, -7.500, 1, 155.501, 442034)